[timeDay]
480
[numTypeTasks]
10
[numOperators]
7
[numWorkstations]
14
[taskOperators]
1	2	3	5	7
4	6	7
3	5	7
2	3	4	6	7
1	2	3	4	6
1	2	5	7
3	4
3	4	5
1	2	4	5
2	3	4	7
[efficiencyTaskOperator]
0.85	1.00	0.80	----	0.95	----	0.90
----	----	----	0.90	----	1.05	0.95
----	----	0.95	----	0.90	----	1.00
----	0.85	0.85	0.95	----	0.95	1.05
0.95	0.85	0.70	0.90	----	0.85	----
0.90	0.80	----	----	0.95	----	1.00
----	----	0.85	0.90	----	----	----
----	----	1.10	0.85	0.80	----	----
0.95	0.95	----	0.90	1.10	----	----
----	0.75	0.95	0.90	----	----	1.00
[taskWorkstations]
1	2	3	4	5	6	7	8	9	10	11	13	14
1	2	5	6	7	8	9	10	11	14			
2	4	6	8	10	12	14						
1	3	5	6	7	8	10	11	14				
1	3	7										
2	5	6	7	8	10	11	12	13	14			
5	6	7	8	11	12	13	14					
2	3	4	6	7	8	11	12	13	14			
1	2	4	5	6	7	8	10	11	12	13	14	
1	3	6	12